#{"t_start": 1544021287.0560722, "env_id": "BreakoutNoFrameskip-v4"}
r,l,t
2.0,187,100.721267
0.0,125,106.711253
2.0,204,118.876535
1.0,171,138.652036
4.0,277,157.255989
0.0,127,163.843408
9.0,405,192.257699
0.0,125,203.465588
3.0,240,217.839919
2.0,203,229.90261
2.0,184,242.725339
0.0,125,250.561544
0.0,127,257.85676
2.0,209,276.33301
1.0,153,285.967733
2.0,202,301.245124
1.0,155,312.966397
2.0,198,327.385537
1.0,170,339.729213
0.0,127,348.478885
0.0,129,357.768492
2.0,182,371.22422
0.0,129,379.551537
0.0,129,388.337365
0.0,127,396.744508
3.0,237,413.410544
1.0,173,425.000369
0.0,127,433.235409
0.0,125,442.827389
0.0,127,450.551713
2.0,204,466.017668
1.0,155,476.535707
3.0,270,493.269966
3.0,277,518.642381
1.0,155,529.782346
1.0,173,540.618683
1.0,155,550.069724
2.0,223,565.854671
1.0,175,581.032128
0.0,129,590.474836
1.0,153,602.598294
2.0,225,617.420041
0.0,129,624.088476
2.0,226,638.265276
2.0,186,652.96799
0.0,129,661.167429
0.0,127,666.86821
1.0,173,677.347247
1.0,171,687.122134
1.0,175,701.326007
4.0,303,722.567096
0.0,125,730.579217
3.0,248,748.520708
2.0,202,761.53869
1.0,173,771.304567
3.0,232,785.522974
3.0,250,803.424995
0.0,127,809.366814
4.0,299,826.748147
4.0,297,844.711111
0.0,129,852.73735
1.0,175,865.117184
0.0,125,873.592884
1.0,155,882.435642
0.0,127,890.226022
0.0,127,897.894323
0.0,125,903.964027
2.0,202,918.950402
6.0,377,945.288369
5.0,350,970.161265
2.0,200,981.331738
0.0,127,989.331278
5.0,350,1012.724629
0.0,129,1024.546182
1.0,173,1037.708602
0.0,129,1045.999934
0.0,127,1054.87741
0.0,127,1062.005116
4.0,319,1086.245343
5.0,350,1109.578096
5.0,365,1134.417683
2.0,200,1146.618457
2.0,202,1161.424091
0.0,127,1167.268156
0.0,127,1174.771831
0.0,125,1182.027471
0.0,127,1189.615203
2.0,202,1204.634903
4.0,297,1223.728247
2.0,224,1237.203392
8.0,370,1266.137246
1.0,152,1275.508047
1.0,175,1286.554792
2.0,202,1298.552013
0.0,129,1308.120924
0.0,129,1318.498383
2.0,200,1331.233173
0.0,129,1337.766496
0.0,125,1345.619905
5.0,326,1367.382585
3.0,248,1383.555717
2.0,200,1395.094507
0.0,127,1403.031655
0.0,129,1413.069142
2.0,220,1428.179449
0.0,125,1437.513559
0.0,129,1446.697174
6.0,377,1475.788083
0.0,127,1483.472387
5.0,350,1509.619707
0.0,127,1519.997195
0.0,129,1527.283916
2.0,200,1539.824668
6.0,399,1561.9736
0.0,123,1568.615657
0.0,125,1577.025282
3.0,248,1593.150732
13.0,580,1636.22001
0.0,127,1645.158747
0.0,129,1655.27023
5.0,347,1683.460538
0.0,127,1689.877932
3.0,272,1713.14381
4.0,297,1734.427897
5.0,350,1758.656471
0.0,129,1766.873668
0.0,125,1773.37544
4.0,297,1794.066548
0.0,129,1801.345335
10.0,449,1832.321222
0.0,129,1840.558994
2.0,198,1852.964338
5.0,350,1880.102298
4.0,297,1900.467447
0.0,125,1909.088633
2.0,202,1920.87379
0.0,127,1929.38425
0.0,129,1938.282868
3.0,268,1953.248531
0.0,129,1960.131916
2.0,202,1975.437336
5.0,352,1998.188064
0.0,129,2004.932682
3.0,248,2020.879974
9.0,399,2046.340744
2.0,200,2059.242967
1.0,158,2067.073495
4.0,277,2081.862204
0.0,127,2087.723523
4.0,299,2105.827897
0.0,127,2112.311703
10.0,453,2144.468923
4.0,297,2165.18239
9.0,404,2191.376168
0.0,127,2199.17605
0.0,125,2208.463283
1.0,153,2216.796623
2.0,202,2231.824394
7.0,450,2264.842102
2.0,223,2280.924839
0.0,127,2289.552846
4.0,300,2312.604232
1.0,155,2321.510999
5.0,347,2341.770308
4.0,299,2361.53898
6.0,397,2388.432587
3.0,268,2405.496661
1.0,155,2413.423895
1.0,175,2422.612223
3.0,246,2440.048194
9.0,404,2469.560077
1.0,155,2479.519541
0.0,129,2489.129494
5.0,372,2513.440259
0.0,129,2522.593108
0.0,125,2530.070795
0.0,127,2539.754759
0.0,129,2548.488246
6.0,378,2571.177214
9.0,382,2597.580569
3.0,228,2613.797559
0.0,127,2623.410694
4.0,295,2645.485645
3.0,215,2660.297641
1.0,155,2670.37062
4.0,319,2691.143559
0.0,127,2697.472463
6.0,380,2724.366324
0.0,127,2731.774579
1.0,159,2740.856285
0.0,127,2752.058198
3.0,252,2770.105864
3.0,251,2788.647051
10.0,451,2821.6838
8.0,457,2853.518721
2.0,203,2867.415541
6.0,382,2893.591685
1.0,155,2903.907919
4.0,275,2922.770519
3.0,248,2939.157587
0.0,129,2945.271842
4.0,307,2961.660271
12.0,507,2997.58704
0.0,127,3011.130196
3.0,252,3026.722042
5.0,308,3045.509188
5.0,328,3065.317013
8.0,496,3092.834941
4.0,265,3110.978686
0.0,127,3119.801781
5.0,280,3138.737235
2.0,183,3149.607703
9.0,404,3174.923168
3.0,230,3192.460005
0.0,127,3200.061592
10.0,433,3230.488987
2.0,227,3243.402296
4.0,278,3260.306323
0.0,129,3269.870124
4.0,258,3291.181065
10.0,408,3321.61213
1.0,155,3332.385863
0.0,129,3342.460081
0.0,127,3351.056094
5.0,350,3376.632699
3.0,218,3388.746978
7.0,446,3426.325703
7.0,374,3453.07412
9.0,404,3479.766518
4.0,247,3496.004396
15.0,558,3535.014713
2.0,204,3546.411274
9.0,404,3571.596171
13.0,582,3614.257644
6.0,376,3641.878937
9.0,473,3676.710075
3.0,211,3689.792058
6.0,398,3715.82869
8.0,440,3754.549777
6.0,380,3782.915233
6.0,356,3814.968455
16.0,570,3850.648952
11.0,472,3880.729609
8.0,395,3901.962471
5.0,308,3921.260321
7.0,428,3951.138078
12.0,520,3988.545982
5.0,330,4008.628516
11.0,549,4050.963947
10.0,517,4084.711029
6.0,399,4109.159949
11.0,487,4142.819507
6.0,345,4166.207241
6.0,360,4191.82483
7.0,390,4221.568611
8.0,405,4249.709431
12.0,463,4279.387856
14.0,402,4306.909564
15.0,532,4340.973444
9.0,487,4374.525199
13.0,600,4414.766928
5.0,297,4436.918533
6.0,360,4460.882774
19.0,406,4486.836181
14.0,588,4519.792058
13.0,366,4544.483025
7.0,368,4571.966158
16.0,617,4613.898156
7.0,427,4651.597106
6.0,403,4682.420973
5.0,335,4707.603606
10.0,513,4740.011472
7.0,433,4765.25991
11.0,550,4806.433313
13.0,576,4849.122308
19.0,628,4883.954012
15.0,565,4924.861966
14.0,507,4958.806294
13.0,347,4979.380406
13.0,572,5018.403769
13.0,532,5051.591969
20.0,671,5098.080244
9.0,490,5130.898231
19.0,693,5183.53774
17.0,682,5238.136163
28.0,870,5305.600883
11.0,483,5335.893883
10.0,457,5364.547805
5.0,310,5389.040129
16.0,552,5433.891907
11.0,497,5470.946542
18.0,686,5522.109104
12.0,499,5561.175452
16.0,454,5589.237259
23.0,701,5630.061037
13.0,599,5670.513341
8.0,433,5698.85473
23.0,679,5739.165905
7.0,371,5763.882589
18.0,670,5808.084335
15.0,557,5842.577353
17.0,582,5878.392492
29.0,691,5925.265439
30.0,742,5979.786533
12.0,545,6016.862564
11.0,476,6055.363248
13.0,561,6086.554482
10.0,499,6120.806657
15.0,631,6163.011837
21.0,531,6196.506191
15.0,555,6229.205762
17.0,494,6266.29545
14.0,546,6306.155402
32.0,843,6358.388047
19.0,441,6387.298283
17.0,682,6439.851396
14.0,542,6474.888648
13.0,685,6519.755231
34.0,636,6561.178405
23.0,689,6603.228286
29.0,866,6659.672542
18.0,652,6700.719442
19.0,696,6740.628459
19.0,663,6790.441683
38.0,1045,6861.391521
42.0,1210,6945.24529
18.0,699,6992.204628
9.0,435,7025.46775
28.0,894,7088.192708
24.0,850,7138.553051
28.0,871,7204.702355
34.0,969,7274.716325
32.0,893,7333.913627
24.0,750,7387.93618
39.0,970,7455.382798
23.0,730,7500.118948
24.0,885,7551.891759
18.0,698,7598.336268
44.0,1138,7682.772448
26.0,405,7712.468592
15.0,725,7764.659239
25.0,844,7822.053809
19.0,610,7857.789379
21.0,533,7890.548345
23.0,826,7940.600642
26.0,522,7977.337694
30.0,950,8038.516313
24.0,708,8083.75491
19.0,680,8134.552549
29.0,763,8181.143115
41.0,1069,8250.863422
39.0,961,8318.362386
15.0,665,8359.856293
49.0,1325,8456.349401
28.0,691,8506.207512
64.0,1543,8615.322965
19.0,810,8668.161939
34.0,944,8728.348496
27.0,804,8787.384896
26.0,880,8843.313209
5.0,287,8868.429425
8.0,383,8900.703808
30.0,733,8943.586349
21.0,592,8975.03979
29.0,742,9015.45703
17.0,718,9053.392007
35.0,1100,9122.800509
27.0,900,9180.3683
41.0,1141,9265.52537
21.0,849,9329.704757
17.0,580,9367.291092
15.0,627,9416.326976
11.0,490,9454.738579
20.0,723,9509.875131
23.0,660,9549.486362
32.0,1109,9622.804374
50.0,1093,9687.767549
28.0,583,9726.268885
38.0,867,9787.107793
33.0,855,9844.74315
44.0,1172,9924.864271
23.0,640,9965.652419
34.0,968,10038.390205
48.0,998,10105.369161
31.0,922,10164.89273
50.0,1196,10240.858416
30.0,523,10274.817848
52.0,1382,10368.716276
53.0,1291,10446.500205
39.0,1088,10521.581279
32.0,860,10578.450619
37.0,1034,10654.556317
37.0,909,10722.352522
36.0,1107,10791.527487
6.0,359,10818.660933
5.0,279,10836.955514
37.0,960,10906.063499
16.0,540,10946.357651
0.0,127,10954.903094
1.0,155,10964.789706
0.0,127,10974.718131
41.0,1053,11048.565287
48.0,1300,11163.433864
64.0,1429,11278.709908
43.0,1026,11348.531376
31.0,792,11402.708188
21.0,611,11446.49524
17.0,709,11488.263427
22.0,831,11566.281643
53.0,1209,11680.13008
32.0,992,11749.602861
79.0,1365,11852.116655
24.0,845,11921.679551
25.0,765,11983.921586
59.0,1433,12091.436803
57.0,1377,12193.420782
27.0,599,12228.570131
34.0,860,12288.245825
42.0,977,12354.818373
26.0,870,12451.993012
35.0,985,12521.283619
53.0,1133,12616.33811
54.0,1091,12733.848719
38.0,979,12800.886616
2.0,198,12816.372786
36.0,927,12906.867991
25.0,890,12977.675863
56.0,1044,13077.142295
102.0,1477,13192.490295
52.0,1336,13294.346708
0.0,129,13328.22808
3.0,218,13344.977777
6.0,304,13386.43641
1.0,175,13398.366207
1.0,157,13408.829365
2.0,182,13436.64475
1.0,174,13448.403566
2.0,207,13459.22693
0.0,127,13467.601538
1.0,155,13479.093848
0.0,129,13487.511997
1.0,153,13496.419875
1.0,155,13507.826543
3.0,233,13525.994332
0.0,127,13533.520652
0.0,129,13541.835413
2.0,203,13561.851423
1.0,157,13572.152025
4.0,299,13595.335826
2.0,204,13606.98627
0.0,123,13614.252197
4.0,283,13642.722743
0.0,127,13651.688982
1.0,176,13663.778498
6.0,398,13708.411923
5.0,369,13754.768469
3.0,250,13770.024915
9.0,380,13808.415319
0.0,125,13815.940717
0.0,129,13824.995416
2.0,202,13837.078792
9.0,380,13872.640565
1.0,155,13882.873409
0.0,125,13891.831165
1.0,153,13902.177351
2.0,205,13913.935855
0.0,125,13919.838146
0.0,129,13927.263966
1.0,173,13937.631132
0.0,127,13946.133845
3.0,268,13965.979376
0.0,127,13972.640101
1.0,175,14002.582489
4.0,299,14024.211207
2.0,203,14051.500757
0.0,129,14059.65745
1.0,157,14067.637023
0.0,125,14073.384493
2.0,205,14107.726645
5.0,332,14142.449072
1.0,169,14151.28832
0.0,129,14157.519426
1.0,173,14167.859957
6.0,342,14197.894756
0.0,129,14208.290679
0.0,127,14215.30376
5.0,340,14251.885834
0.0,125,14259.948947
2.0,200,14293.534812
0.0,125,14301.387258
0.0,127,14308.46611
1.0,170,14316.942484
1.0,155,14330.142106
1.0,157,14342.121095
0.0,127,14348.027775
9.0,401,14398.190825
0.0,129,14405.374038
0.0,127,14412.283535
4.0,318,14438.364076
2.0,202,14449.823036
4.0,299,14479.696016
0.0,129,14487.606321
3.0,232,14504.273307
2.0,202,14522.682592
0.0,129,14530.679556
2.0,201,14560.461592
0.0,127,14568.569964
0.0,127,14574.969367
5.0,353,14609.111542
0.0,127,14617.918737
1.0,157,14627.763918
0.0,129,14636.33539
0.0,125,14644.18164
0.0,127,14651.630845
0.0,129,14658.590384
2.0,200,14687.196937
0.0,127,14695.251027
5.0,352,14722.132801
2.0,224,14736.490025
2.0,225,14751.576874
0.0,127,14777.801989
0.0,129,14786.383685
2.0,202,14798.667378
2.0,204,14833.989332
5.0,350,14855.737101
2.0,222,14871.138586
1.0,155,14882.349271
2.0,224,14895.489226
1.0,157,14920.182405
0.0,127,14926.877076
1.0,176,14937.648497
0.0,125,14943.964595
0.0,129,14954.978759
1.0,175,14964.86061
0.0,127,14971.088481
5.0,350,14999.09032
1.0,175,15010.71802
1.0,174,15034.486772
4.0,322,15058.935389
0.0,127,15066.770953
1.0,175,15077.508203
4.0,321,15096.420617
0.0,129,15121.638556
1.0,173,15134.837617
1.0,173,15146.076055
2.0,224,15165.209989
2.0,224,15183.54506
0.0,127,15192.432113
2.0,183,15220.991584
0.0,129,15230.847609
5.0,328,15251.912933
4.0,318,15291.311001
0.0,125,15298.360495
0.0,125,15306.680832
2.0,202,15319.487621
0.0,129,15326.355919
5.0,350,15352.422441
0.0,129,15358.793252
1.0,175,15369.116425
1.0,157,15384.026494
0.0,129,15391.10225
4.0,301,15415.496957
0.0,129,15443.136693
1.0,173,15455.816541
0.0,129,15461.836585
0.0,129,15467.435193
2.0,200,15486.583755
2.0,202,15499.823255
3.0,272,15543.102968
0.0,127,15556.986364
2.0,202,15572.277435
0.0,129,15600.147477
7.0,305,15623.742754
3.0,252,15663.037043
4.0,298,15683.66296
0.0,125,15694.656711
1.0,176,15709.516825
2.0,202,15727.687164
2.0,222,15743.064522
2.0,203,15760.754433
1.0,171,15769.753318
0.0,129,15776.665337
0.0,129,15792.537896
1.0,173,15804.663874
0.0,129,15811.467669
2.0,202,15824.252058
0.0,127,15831.753179
0.0,127,15838.198221
2.0,204,15851.228014
0.0,127,15876.868028
2.0,200,15889.895231
1.0,155,15900.893151
1.0,174,15931.787595
0.0,127,15941.635768
1.0,155,15953.188823
5.0,350,15976.507378
0.0,127,15983.078413
0.0,127,15990.080127
3.0,228,16006.565863
0.0,127,16013.618444
0.0,125,16023.559197
2.0,200,16037.28839
0.0,127,16046.100935
0.0,129,16054.320664
0.0,129,16062.321113
2.0,225,16096.061092
4.0,278,16114.88525
1.0,173,16128.374501
0.0,127,16147.242737
1.0,155,16155.573726
1.0,153,16165.550339
2.0,204,16189.685409
0.0,129,16196.279862
1.0,155,16207.483923
0.0,125,16214.724353
0.0,127,16237.096435
9.0,421,16266.880259
0.0,127,16276.647434
2.0,202,16289.647695
2.0,200,16304.832334
2.0,222,16340.690733
0.0,129,16350.312941
1.0,154,16360.734013
0.0,129,16368.156625
0.0,127,16394.847453
0.0,127,16400.744399
3.0,250,16414.448555
0.0,125,16434.014573
2.0,202,16449.054343
3.0,250,16466.304111
5.0,365,16502.932711
1.0,173,16512.709368
11.0,479,16563.414858
2.0,200,16602.420299
6.0,403,16649.389637
2.0,200,16662.230254
2.0,220,16675.304127
0.0,125,16695.983169
2.0,204,16711.844503
0.0,123,16717.98613
0.0,125,16723.912025
2.0,223,16737.47346
1.0,171,16747.434714
0.0,129,16758.945129
0.0,127,16780.488183
1.0,173,16791.005401
0.0,129,16798.852117
2.0,185,16809.87923
1.0,153,16823.854844
0.0,129,16834.197816
0.0,125,16840.266074
2.0,207,16869.599403
1.0,175,16878.495246
2.0,188,16888.975731
2.0,221,16902.231568
0.0,127,16908.276549
0.0,127,16913.709987
3.0,248,16948.119055
1.0,171,16959.830847
2.0,201,16971.659761
1.0,173,16989.003578
2.0,201,17005.071134
0.0,127,17012.7804
0.0,127,17020.274609
0.0,129,17034.516103
0.0,127,17043.47986
3.0,230,17060.451509
0.0,125,17072.379439
0.0,125,17079.941515
2.0,203,17093.108637
11.0,482,17133.532494
0.0,127,17141.568433
1.0,155,17166.859551
9.0,404,17192.069897
0.0,129,17215.783074
0.0,127,17222.963432
5.0,350,17247.110705
3.0,252,17266.236106
4.0,260,17285.436784
5.0,323,17327.597725
0.0,129,17336.996405
2.0,202,17348.953474
1.0,176,17361.185457
4.0,297,17394.720984
1.0,173,17405.788232
1.0,172,17416.586957
3.0,230,17436.136497
0.0,129,17443.788119
3.0,250,17458.831309
1.0,155,17478.992976
1.0,155,17487.853152
0.0,125,17496.255111
0.0,127,17504.764019
3.0,231,17534.6193
0.0,127,17542.254546
0.0,125,17551.852765
0.0,129,17561.869768
2.0,202,17580.983553
2.0,228,17599.83059
4.0,301,17637.076626
3.0,230,17651.987464
0.0,127,17667.036548
1.0,172,17675.7039
1.0,155,17688.294258
2.0,200,17699.155672
2.0,202,17722.641749
5.0,329,17741.15382
1.0,174,17772.523431
4.0,299,17791.079546
1.0,174,17802.714483
0.0,129,17811.133433
4.0,299,17835.298089
0.0,127,17862.950413
1.0,157,17872.606702
1.0,155,17883.928107
2.0,222,17916.590119
1.0,176,17929.01645
1.0,171,17944.754915
1.0,157,17968.913908
0.0,127,17977.391335
2.0,202,17992.243683
0.0,129,17999.844115
0.0,129,18015.340498
0.0,129,18022.372362
0.0,125,18029.246316
1.0,158,18040.02369
2.0,221,18062.756795
1.0,159,18075.502669
0.0,127,18082.285726
1.0,155,18101.951781
5.0,349,18125.877588
0.0,129,18153.951541
0.0,129,18161.025837
0.0,127,18172.739421
0.0,129,18181.814949
1.0,176,18204.848593
1.0,175,18218.06911
2.0,200,18230.077207
0.0,127,18238.640595
0.0,127,18254.101631
0.0,129,18260.746846
3.0,248,18276.195193
3.0,250,18297.673022
1.0,173,18306.26662
1.0,174,18315.43821
0.0,127,18326.022415
1.0,173,18338.689506
3.0,234,18352.653212
3.0,214,18385.335164
0.0,125,18393.203934
0.0,123,18399.524688
1.0,175,18414.390912
2.0,201,18428.230889
0.0,129,18436.428248
0.0,127,18444.463663
0.0,129,18459.709246
3.0,231,18475.734306
0.0,129,18483.570911
2.0,202,18505.59739
1.0,159,18517.738011
0.0,129,18524.438781
1.0,173,18544.939425
0.0,129,18551.262601
3.0,249,18570.499991
0.0,129,18579.454343
0.0,127,18587.594344
0.0,127,18594.49597
2.0,220,18608.47616
2.0,203,18648.118747
3.0,253,18667.760716
1.0,175,18704.987376
2.0,185,18716.876245
1.0,155,18727.740088
0.0,129,18735.547476
0.0,129,18751.695409
3.0,230,18768.768282
0.0,127,18779.780469
0.0,129,18798.209517
0.0,129,18809.898922
0.0,127,18817.15441
0.0,129,18824.714881
3.0,248,18866.213255
7.0,394,18894.78677
0.0,125,18905.176104
0.0,127,18912.947784
2.0,224,18928.360757
8.0,374,18961.075586
0.0,129,18967.675213
5.0,350,19010.737425
0.0,127,19017.28227
9.0,508,19056.272039
2.0,224,19071.728574
1.0,174,19081.716961
1.0,174,19095.172778
2.0,200,19117.537305
4.0,299,19137.016711
0.0,129,19145.310774
0.0,127,19165.884946
1.0,171,19178.234407
1.0,175,19187.502145
3.0,230,19202.019465
0.0,127,19210.048332
1.0,155,19219.133189
0.0,125,19225.098249
0.0,127,19241.452188
0.0,129,19250.623405
2.0,202,19263.396201
3.0,248,19295.276317
0.0,129,19304.436117
2.0,202,19320.30214
2.0,200,19343.544806
0.0,125,19351.391428
4.0,301,19370.285774
0.0,125,19392.969486
0.0,127,19400.096906
2.0,202,19412.941367
2.0,202,19443.011415
2.0,224,19464.875787
1.0,155,19473.326483
1.0,173,19488.783236
4.0,301,19513.193768
1.0,155,19536.944606
0.0,127,19545.494649
0.0,129,19553.26953
1.0,173,19564.886856
1.0,155,19575.035781
2.0,190,19587.571495
3.0,213,19601.322987
0.0,127,19614.820136
1.0,176,19626.073635
0.0,125,19633.319612
2.0,223,19649.007657
1.0,173,19659.936144
2.0,200,19672.86522
3.0,253,19706.254261
6.0,380,19728.127095
2.0,202,19755.168689
0.0,129,19768.325617
1.0,176,19780.8194
5.0,331,19806.144623
1.0,173,19816.618363
3.0,248,19835.976745
1.0,155,19844.931962
2.0,223,19857.311079
3.0,250,19873.953474
1.0,175,19889.834642
0.0,125,19908.418158
1.0,175,19920.15692
0.0,127,19930.682348
0.0,127,19936.766715
0.0,129,19946.307386
3.0,250,19965.075422
2.0,203,19974.912684
2.0,222,20004.525219
0.0,125,20014.621188
2.0,201,20028.203115
0.0,125,20033.815301
0.0,129,20041.671852
0.0,129,20048.239099
0.0,127,20058.064027
0.0,127,20082.200927
2.0,187,20093.467525
0.0,127,20101.7376
1.0,177,20114.27162
1.0,173,20144.98167
10.0,453,20173.933066
0.0,129,20181.375425
2.0,188,20194.839858
5.0,350,20240.088086
0.0,125,20246.32627
1.0,173,20255.766713
7.0,323,20291.513762
0.0,127,20298.975575
1.0,156,20315.66003
2.0,187,20326.142291
1.0,155,20335.934245
2.0,222,20373.086353
0.0,127,20380.759735
0.0,125,20390.662961
0.0,129,20398.284494
0.0,127,20405.169258
0.0,129,20433.104409
0.0,125,20438.601821
0.0,125,20445.465877
0.0,127,20451.981526
4.0,301,20477.440247
2.0,204,20491.265367
0.0,127,20518.588165
1.0,157,20532.537483
0.0,125,20539.15643
0.0,129,20548.035605
0.0,129,20574.818469
0.0,127,20583.875499
1.0,175,20599.295535
0.0,125,20605.654584
0.0,127,20619.107778
0.0,127,20627.368151
2.0,202,20647.290581
0.0,129,20657.025489
0.0,129,20677.722333
2.0,200,20689.74732
0.0,127,20695.393628
0.0,127,20701.684022
2.0,200,20733.914843
0.0,125,20743.689409
0.0,125,20750.990698
0.0,129,20757.994008
0.0,127,20780.382447
2.0,198,20795.810673
3.0,272,20820.260895
2.0,223,20831.085654
1.0,171,20841.392162
0.0,127,20851.160218
0.0,123,20860.592853
0.0,129,20868.499273
0.0,123,20876.736556
1.0,155,20884.090165
0.0,129,20892.029936
2.0,201,20903.321274
0.0,127,20910.873681
4.0,300,20943.335204
0.0,129,20950.497398
1.0,169,20961.700917
0.0,127,20971.731299
0.0,127,20980.925842
1.0,175,20994.465855
0.0,129,21002.748024
1.0,157,21016.014261
1.0,175,21030.363201
1.0,173,21043.218898
0.0,129,21068.965397
0.0,129,21078.150446
1.0,157,21088.132605
0.0,125,21095.72741
2.0,222,21127.416801
2.0,222,21142.107946
0.0,127,21151.779438
3.0,250,21169.287853
1.0,173,21180.362393
1.0,173,21195.880443
0.0,129,21226.654593
0.0,127,21236.029868
0.0,127,21246.382216
0.0,127,21252.899452
2.0,202,21282.166687
0.0,129,21293.428336
0.0,127,21301.54111
0.0,127,21311.350718
0.0,127,21320.312709
0.0,129,21328.084812
0.0,129,21335.555519
3.0,272,21366.221918
0.0,129,21376.523094
3.0,250,21391.044041
0.0,129,21398.350932
3.0,228,21410.778139
2.0,200,21426.323543
0.0,127,21457.238081
0.0,129,21466.796064
4.0,275,21487.998377
0.0,129,21519.663843
0.0,127,21531.693064
2.0,225,21546.578974
1.0,173,21559.52319
0.0,125,21565.612915
2.0,226,21580.044711
1.0,173,21598.589818
0.0,125,21610.149575
0.0,129,21617.880111
1.0,175,21627.114471
1.0,173,21639.207339
4.0,282,21660.648636
5.0,312,21695.480219
2.0,187,21707.182405
2.0,186,21718.68538
0.0,125,21737.169594
1.0,152,21744.766443
1.0,157,21757.806365
0.0,127,21765.848315
2.0,201,21797.626759
1.0,153,21805.722813
1.0,155,21814.73117
0.0,127,21820.967189
1.0,155,21831.434777
0.0,125,21838.116431
4.0,279,21881.76427
0.0,129,21889.644797
0.0,127,21898.59796
0.0,125,21906.430782
0.0,125,21933.417147
0.0,127,21944.9952
3.0,250,21965.176013
1.0,155,21979.479066
3.0,236,21995.861009
0.0,129,22002.18942
2.0,199,22024.733397
1.0,155,22038.726592
2.0,202,22054.201921
2.0,200,22071.923403
0.0,125,22081.909747
0.0,125,22091.129358
2.0,202,22104.297212
0.0,129,22112.609785
6.0,396,22140.236058
0.0,129,22162.809183
2.0,205,22174.344202
0.0,129,22185.654146
0.0,127,22193.123155
2.0,204,22224.076918
4.0,316,22246.076236
4.0,299,22264.082837
0.0,129,22270.574446
0.0,127,22278.117467
0.0,129,22288.241638
0.0,127,22296.460331
0.0,127,22302.478587
5.0,347,22326.940215
1.0,173,22339.555254
2.0,226,22359.882923
0.0,129,22368.973602
2.0,224,22385.233198
2.0,202,22409.562726
0.0,129,22417.259728
0.0,129,22430.377598
0.0,129,22437.493776
3.0,272,22454.493743
2.0,222,22467.416581
1.0,155,22475.845278
2.0,219,22507.818228
1.0,175,22518.347758
0.0,125,22524.479109
1.0,171,22545.862884
1.0,159,22555.511898
0.0,127,22562.552728
1.0,155,22576.944183
0.0,125,22586.389052
1.0,177,22595.968117
0.0,127,22602.594831
0.0,129,22619.834288
3.0,270,22637.371314
0.0,127,22644.631134
0.0,129,22651.398628
3.0,234,22666.869613
2.0,222,22679.14999
1.0,169,22691.101482
2.0,191,22701.664062
1.0,173,22713.83672
3.0,272,22732.579259
2.0,225,22747.306906
2.0,201,22776.260646
0.0,129,22787.692061
0.0,127,22794.327104
2.0,200,22821.026304
3.0,230,22837.85108
1.0,157,22848.668113
2.0,202,22858.752323
0.0,127,22865.221554
5.0,348,22910.714565
0.0,129,22921.590693
0.0,127,22932.092572
0.0,129,22939.110378
0.0,125,22945.915838
0.0,127,22955.17509
0.0,127,22967.850077
2.0,201,22982.030386
0.0,127,22989.663516
0.0,129,23014.885623
0.0,129,23023.722171
0.0,127,23031.906636
1.0,173,23042.267618
7.0,449,23089.759812
2.0,202,23106.248069
5.0,350,23133.178794
0.0,127,23156.877579
0.0,129,23165.204817
6.0,380,23207.098664
0.0,129,23217.007465
0.0,127,23226.67454
1.0,177,23237.245655
0.0,127,23246.818498
1.0,155,23257.181637
2.0,201,23271.707007
0.0,127,23279.562287
2.0,199,23295.177222
2.0,204,23310.234406
0.0,125,23317.549752
0.0,125,23342.639273
0.0,127,23351.036124
0.0,129,23357.747839
0.0,129,23370.862892
0.0,129,23397.748047
3.0,252,23418.742778
1.0,155,23427.856784
0.0,125,23435.327706
0.0,129,23443.931081
5.0,349,23467.882723
0.0,127,23483.816606
0.0,129,23492.92355
6.0,379,23532.912504
2.0,202,23544.027558
0.0,125,23550.752855
0.0,127,23561.191935
1.0,178,23575.782725
2.0,202,23588.14431
0.0,129,23594.567827
0.0,127,23604.019532
3.0,255,23621.48263
1.0,173,23631.373355
3.0,250,23644.907117
0.0,129,23651.964229
1.0,176,23663.147838
3.0,255,23695.973834
2.0,222,23712.712004
0.0,123,23743.102124
2.0,201,23753.676626
1.0,175,23766.217296
0.0,125,23774.162294
0.0,127,23790.563024
0.0,127,23801.870962
0.0,125,23811.572567
0.0,127,23822.19131
1.0,175,23834.60848
0.0,129,23844.426326
0.0,125,23854.141864
0.0,123,23859.382837
0.0,125,23867.09152
1.0,175,23876.317094
0.0,125,23886.412372
9.0,419,23924.547699
7.0,324,23951.165414
0.0,127,23958.94255
0.0,127,23966.887433
0.0,129,23974.630596
3.0,272,24010.280867
1.0,173,24020.826821
0.0,129,24028.245767
1.0,173,24055.301947
0.0,129,24063.003252
0.0,127,24071.557858
2.0,200,24082.495125
0.0,129,24089.679957
5.0,339,24113.693798
0.0,123,24139.251326
0.0,127,24149.975832
2.0,225,24163.52024
0.0,127,24169.984114
0.0,127,24178.361806
2.0,220,24191.667264
2.0,202,24204.663405
1.0,157,24225.966223
1.0,153,24236.625082
1.0,178,24249.859235
1.0,157,24278.332481
3.0,229,24294.872902
1.0,178,24306.579014
4.0,283,24339.37339
2.0,224,24352.080914
0.0,127,24359.978872
0.0,127,24368.472561
0.0,129,24377.056381
3.0,250,24391.602609
0.0,129,24422.089284
3.0,250,24442.105705
1.0,153,24452.813524
1.0,157,24469.794815
2.0,198,24480.293961
1.0,176,24489.559417
0.0,127,24512.138604
0.0,127,24522.182317
0.0,127,24527.578926
1.0,155,24536.69728
2.0,186,24549.269452
3.0,236,24562.198199
3.0,239,24587.134334
2.0,220,24600.618638
1.0,153,24610.899485
3.0,216,24626.572423
4.0,301,24647.392689
0.0,127,24664.510693
1.0,155,24676.461634
0.0,129,24685.694306
0.0,125,24691.947594
8.0,368,24736.247542
0.0,129,24744.699151
0.0,129,24752.741986
0.0,129,24772.913456
2.0,200,24787.718808
0.0,125,24794.302042
0.0,127,24801.487248
4.0,301,24837.482135
1.0,155,24847.561274
2.0,187,24859.452277
4.0,299,24878.527619
0.0,127,24884.377182
0.0,127,24908.443007
1.0,173,24919.223184
3.0,232,24932.715428
0.0,125,24941.72233
3.0,252,24959.949057
0.0,123,24965.817461
2.0,223,24997.726094
1.0,176,25012.947188
2.0,200,25037.770144
2.0,200,25050.293002
1.0,157,25061.025083
0.0,129,25067.189538
6.0,405,25092.924181
0.0,129,25101.725967
2.0,219,25131.838857
0.0,127,25140.130214
1.0,172,25150.853881
0.0,129,25169.876602
1.0,169,25180.050079
1.0,173,25191.739662
3.0,250,25218.26151
1.0,153,25226.467114
1.0,155,25237.784889
3.0,252,25271.257336
0.0,125,25278.955177
2.0,222,25294.639429
2.0,202,25308.044676
1.0,175,25321.111714
5.0,343,25353.229352
3.0,214,25365.050231
1.0,155,25374.259748
1.0,155,25405.229451
1.0,155,25416.388402
0.0,127,25426.074981
2.0,200,25439.659842
0.0,127,25445.332369
0.0,127,25451.841108
3.0,250,25471.317336
4.0,299,25497.990123
0.0,129,25504.649617
0.0,127,25514.813297
6.0,398,25546.85761
0.0,127,25565.588817
1.0,175,25575.44761
3.0,272,25592.133978
1.0,173,25603.834369
1.0,153,25613.259438
1.0,157,25624.397581
3.0,250,25655.326545
1.0,173,25667.188708
1.0,155,25676.786739
1.0,172,25699.149295
2.0,220,25715.376594
0.0,129,25724.4325
2.0,220,25755.405403
5.0,331,25781.364357
2.0,202,25810.503086
0.0,125,25819.187206
1.0,155,25831.355304
1.0,173,25841.721621
4.0,282,25859.361492
0.0,127,25867.619051
2.0,187,25895.032168
0.0,127,25903.069477
0.0,125,25910.402636
0.0,127,25917.841882
3.0,269,25956.082982
2.0,200,25967.173274
0.0,127,25975.24652
1.0,173,25984.820445
0.0,127,25992.876646
2.0,205,26005.78383
0.0,127,26038.745461
0.0,127,26049.654367
0.0,127,26059.277737
10.0,431,26099.870022
3.0,250,26115.818544
0.0,125,26139.659758
0.0,129,26146.996572
3.0,250,26166.843457
0.0,127,26173.155875
5.0,352,26193.724416
5.0,350,26229.870632
6.0,398,26278.414522
1.0,176,26293.186618
0.0,129,26303.212092
9.0,402,26337.230872
3.0,252,26355.159179
3.0,250,26370.467934
2.0,198,26382.653692
0.0,127,26390.643554
2.0,205,26427.305205
2.0,201,26443.218909
3.0,252,26476.369575
0.0,127,26487.0279
0.0,125,26496.88486
1.0,172,26506.043365
2.0,188,26526.105288
2.0,202,26540.244416
0.0,127,26547.764925
1.0,172,26560.887558
2.0,200,26577.121357
3.0,248,26611.66541
0.0,127,26618.721758
0.0,127,26625.474627
3.0,250,26643.298899
10.0,453,26676.721185
2.0,202,26704.680783
5.0,350,26727.832629
3.0,230,26759.526727
0.0,129,26769.260345
2.0,202,26780.746038
0.0,127,26787.87186
6.0,393,26813.327327
0.0,127,26824.096092
0.0,127,26833.636513
0.0,127,26841.91967
0.0,127,26854.296811
1.0,155,26880.712409
0.0,127,26886.670527
2.0,202,26901.234589
0.0,123,26909.637138
0.0,129,26935.412231
9.0,359,26964.129466
3.0,248,26996.847407
0.0,129,27003.931781
10.0,449,27044.350437
0.0,123,27053.140861
4.0,319,27086.365728
4.0,295,27104.939379
1.0,174,27130.154825
0.0,127,27137.307855
0.0,127,27144.76602
3.0,251,27183.067928
1.0,170,27195.056535
3.0,220,27207.262327
2.0,202,27225.621172
1.0,157,27235.546702
2.0,221,27250.224086
1.0,153,27273.123107
0.0,127,27283.247958
0.0,127,27292.48917
1.0,155,27301.974326
0.0,129,27314.72952
2.0,185,27325.905152
0.0,127,27334.672321
2.0,204,27345.596483
3.0,249,27359.756927
1.0,170,27370.984356
1.0,171,27407.74148
1.0,153,27419.058733
0.0,129,27427.937116
1.0,153,27436.795746
1.0,171,27453.54313
0.0,129,27461.21058
0.0,125,27472.55733
0.0,123,27478.649337
1.0,174,27489.835112
1.0,175,27501.428462
0.0,127,27509.85287
0.0,129,27517.277558
0.0,129,27527.172785
2.0,202,27540.684117
2.0,198,27554.842309
0.0,129,27583.263249
3.0,250,27600.307175
0.0,127,27609.381902
0.0,125,27629.794799
0.0,125,27635.221921
1.0,155,27646.567066
1.0,155,27655.799569
0.0,127,27670.024605
6.0,367,27694.36219
0.0,129,27703.975231
0.0,127,27710.642759
2.0,220,27726.204854
0.0,129,27734.448992
1.0,171,27752.165251
0.0,125,27758.710002
1.0,155,27766.638686
0.0,127,27773.873881
3.0,252,27799.022966
1.0,155,27809.987177
0.0,125,27818.254664
0.0,127,27827.476001
1.0,173,27837.500229
1.0,157,27847.024398
1.0,172,27865.811889
4.0,301,27883.22675
0.0,127,27892.460688
2.0,185,27912.675788
3.0,250,27926.760857
0.0,129,27935.54667
6.0,375,27975.754985
3.0,249,27993.079618
2.0,202,28005.354572
6.0,379,28027.805351
5.0,350,28052.121661
2.0,202,28075.622773
5.0,344,28097.970442
1.0,175,28111.352212
0.0,129,28117.919987
0.0,123,28123.97809
2.0,204,28148.538651
0.0,125,28155.713724
1.0,173,28164.383137
0.0,129,28172.305923
2.0,202,28204.442999
0.0,127,28211.050611
3.0,252,28224.357384
0.0,127,28237.470244
2.0,200,28248.924133
1.0,173,28262.335488
10.0,433,28301.443905
2.0,202,28311.462861
5.0,350,28340.291622
3.0,253,28372.278958
3.0,230,28391.045659
0.0,129,28399.617447
4.0,321,28424.102987
0.0,129,28433.937718
0.0,127,28442.703407
9.0,404,28481.888812
0.0,127,28492.858556
2.0,202,28522.246147
0.0,127,28530.333689
0.0,127,28537.03564
1.0,153,28558.854832
0.0,127,28565.584166
6.0,402,28597.532752
3.0,248,28614.546659
1.0,176,28630.346703
0.0,129,28638.292409
2.0,206,28654.378544
1.0,159,28665.396132
2.0,203,28699.193986
3.0,270,28713.712532
0.0,129,28722.373027
0.0,127,28750.47601
0.0,125,28761.082681
1.0,174,28773.879733
4.0,279,28791.595059
1.0,155,28799.730699
0.0,129,28808.162476
0.0,127,28814.500478
0.0,127,28824.617023
0.0,127,28833.385517
1.0,171,28844.604035
0.0,127,28851.280185
0.0,129,28859.411833
0.0,127,28868.445239
0.0,129,28875.74428
1.0,171,28885.656869
0.0,125,28896.695055
1.0,155,28906.764753
0.0,125,28913.687826
2.0,185,28927.782082
0.0,129,28948.169342
1.0,174,28957.555665
0.0,127,28967.347801
0.0,127,28975.225122
0.0,127,28992.181786
0.0,129,29000.478667
2.0,206,29013.592923
2.0,200,29028.727674
0.0,129,29035.519456
10.0,366,29059.294672
1.0,175,29069.666183
3.0,234,29086.893011
1.0,155,29111.256149
0.0,127,29119.593889
1.0,173,29133.571573
1.0,176,29162.051924
1.0,178,29170.171507
0.0,127,29182.860996
2.0,199,29197.500554
2.0,204,29212.657347
2.0,183,29225.883108
0.0,127,29232.373024
2.0,203,29255.668598
0.0,125,29264.735656
1.0,174,29276.14155
2.0,203,29309.186474
0.0,125,29316.55947
1.0,157,29326.681999
1.0,155,29354.288634
0.0,129,29361.0685
1.0,155,29372.883795
2.0,201,29386.70141
1.0,158,29396.626002
0.0,129,29406.047221
0.0,125,29415.056256
1.0,171,29426.081071
1.0,173,29438.999548
4.0,320,29460.756465
3.0,248,29489.809084
0.0,129,29500.531461
2.0,202,29512.50953
2.0,202,29541.051424
2.0,202,29558.753411
3.0,248,29578.880004
0.0,123,29584.917305
0.0,129,29591.508147
0.0,129,29598.11733
1.0,155,29618.221575
0.0,129,29626.155488
4.0,299,29648.412901
3.0,250,29688.290562
0.0,127,29696.754606
0.0,125,29704.683029
2.0,222,29735.722122
0.0,123,29744.559908
1.0,171,29753.060554
0.0,127,29776.010234
0.0,127,29783.376064
3.0,252,29799.543731
0.0,123,29807.46175
0.0,127,29830.633293
4.0,323,29856.358562
0.0,127,29869.572369
0.0,129,29879.459233
0.0,125,29888.588269
5.0,327,29918.467712
0.0,129,29925.061139
4.0,301,29945.319822
2.0,202,29980.344909
0.0,127,29987.102654
0.0,127,29996.324496
0.0,127,30004.894065
0.0,125,30029.120127
0.0,127,30040.021146
0.0,127,30049.717664
1.0,159,30061.854861
1.0,175,30091.235516
0.0,127,30098.13679
2.0,204,30110.394159
0.0,127,30119.496102
1.0,157,30129.425415
2.0,222,30143.104659
4.0,301,30165.093853
4.0,278,30186.772105
0.0,129,30194.336823
0.0,127,30201.278424
2.0,200,30211.521456
0.0,129,30218.493571
0.0,129,30243.214392
2.0,202,30255.855385
4.0,317,30290.415079
2.0,185,30304.338212
0.0,127,30317.188745
1.0,175,30328.705116
0.0,129,30339.131641
1.0,153,30348.371871
3.0,216,30361.548961
1.0,174,30375.151403
9.0,404,30406.509936
0.0,125,30415.496289
0.0,127,30422.616796
4.0,297,30455.520529
7.0,422,30484.812827
0.0,127,30507.730072
0.0,127,30518.78761
0.0,129,30527.945812
2.0,202,30541.225159
0.0,129,30549.968993
3.0,234,30563.602099
2.0,200,30574.65144
0.0,129,30600.327714
0.0,127,30607.153768
0.0,129,30617.565856
5.0,352,30657.285021
2.0,198,30667.400022
9.0,404,30698.833828
2.0,202,30713.886344
2.0,202,30729.169094
0.0,127,30737.866807
0.0,129,30750.200458
1.0,155,30758.967432
0.0,127,30784.269244
3.0,246,30803.890534
1.0,155,30813.527399
0.0,129,30837.494429
0.0,127,30845.307679
0.0,129,30852.321004
1.0,173,30865.005089
2.0,202,30877.996952
4.0,283,30895.841627
3.0,250,30920.421649
0.0,127,30927.99062
0.0,127,30936.925972
2.0,202,30962.513762
3.0,252,30981.881887
0.0,127,30990.544182
1.0,155,30999.652877
0.0,127,31005.127251
4.0,280,31019.667754
3.0,231,31035.438107
1.0,173,31045.87173
3.0,254,31084.612186
1.0,173,31092.919672
1.0,155,31101.488326
3.0,254,31135.654953
2.0,183,31147.890031
1.0,157,31155.481108
1.0,157,31165.449152
2.0,186,31175.836158
0.0,127,31182.990519
0.0,129,31189.727901
2.0,202,31215.148199
1.0,157,31225.374374
0.0,123,31231.707971
0.0,127,31253.979986
0.0,129,31263.188185
1.0,178,31275.303628
5.0,350,31298.116395
0.0,127,31305.884117
0.0,127,31314.388946
0.0,127,31322.256593
0.0,129,31333.56532
1.0,173,31347.849866
1.0,171,31358.871361
1.0,171,31385.445702
1.0,169,31396.54263
0.0,125,31404.339577
2.0,202,31437.044188
0.0,127,31443.490021
0.0,129,31450.489285
0.0,127,31461.561164
1.0,175,31475.837519
2.0,198,31492.08257
2.0,219,31505.641002
0.0,127,31528.667802
0.0,129,31536.715539
1.0,157,31549.557784
1.0,175,31561.20106
0.0,127,31587.159474
0.0,129,31598.33672
1.0,173,31611.212854
1.0,153,31621.896527
1.0,173,31645.032404
0.0,125,31651.130778
0.0,129,31657.51653
2.0,200,31678.052703
2.0,220,31689.939376
0.0,125,31697.404556
3.0,244,31726.654176
0.0,127,31733.298044
1.0,157,31742.284142
2.0,201,31762.467983
1.0,178,31771.655756
0.0,129,31778.871012
3.0,250,31813.157125
0.0,125,31820.101017
0.0,127,31829.434084
2.0,205,31841.795345
0.0,127,31863.512919
0.0,129,31874.080561
0.0,125,31882.552198
0.0,127,31891.070314
0.0,129,31899.707076
2.0,225,31911.748601
1.0,174,31925.592264
0.0,129,31933.492787
1.0,173,31946.204515
1.0,173,31956.768114
2.0,201,31982.306553
3.0,247,32002.493728
1.0,155,32009.981587
0.0,123,32016.079127
1.0,175,32048.051948
1.0,173,32059.310241
0.0,127,32066.178516
3.0,272,32082.543582
3.0,228,32096.199529
0.0,125,32122.310251
1.0,173,32134.0105
1.0,173,32147.058555
0.0,129,32156.135777
2.0,198,32189.508923
1.0,173,32198.284393
0.0,129,32207.043978
3.0,251,32224.809393
0.0,129,32234.472364
0.0,129,32244.744513
2.0,201,32258.086872
0.0,125,32266.034769
1.0,175,32277.510403
0.0,129,32286.974975
2.0,204,32306.607608
0.0,129,32316.003078
1.0,155,32326.220346
1.0,177,32356.561857
2.0,190,32370.119715
2.0,223,32385.525908
0.0,129,32406.867788
0.0,127,32416.697002
2.0,202,32428.546211
0.0,129,32438.888195
0.0,129,32448.120248
0.0,127,32454.600184
1.0,173,32468.236707
0.0,123,32477.039063
0.0,125,32497.291917
2.0,224,32511.501972
2.0,202,32525.242038
0.0,129,32549.184351
1.0,159,32559.464142
0.0,129,32566.579318
2.0,200,32582.523847
5.0,331,32606.892708
0.0,129,32614.023341
0.0,127,32629.48533
0.0,125,32639.343126
1.0,157,32650.670423
5.0,328,32669.250608
2.0,203,32679.310363
1.0,177,32691.693673
1.0,176,32723.183849
0.0,127,32732.63806
2.0,202,32745.166969
0.0,127,32776.8566
0.0,129,32788.668304
0.0,127,32799.276137
2.0,202,32812.795404
1.0,157,32841.828518
0.0,127,32850.081616
0.0,127,32857.440552
2.0,201,32877.446812
3.0,210,32891.994066
0.0,125,32899.091986
2.0,198,32914.74854
4.0,319,32935.496784
2.0,198,32953.599272
0.0,127,32959.763751
2.0,225,32972.670875
0.0,127,32981.489958
1.0,178,33009.255396
0.0,129,33017.275341
1.0,171,33029.236751
2.0,220,33047.225142
0.0,125,33057.025207
0.0,129,33065.663063
0.0,127,33073.169593
1.0,155,33103.407821
1.0,172,33117.941623
0.0,129,33126.567454
2.0,202,33140.456543
1.0,174,33154.568042
1.0,174,33164.250704
0.0,129,33170.965828
0.0,129,33192.710044
0.0,125,33200.691215
2.0,200,33212.723388
2.0,202,33237.536326
0.0,129,33243.299826
2.0,224,33259.261132
0.0,125,33265.624762
1.0,175,33278.199396
0.0,129,33286.377985
0.0,127,33292.791306
0.0,129,33305.563802
2.0,202,33317.41669
3.0,230,33334.674947
0.0,129,33341.891271
0.0,125,33347.589168
2.0,202,33360.370371
0.0,129,33366.760299
0.0,129,33393.212432
1.0,173,33402.571905
1.0,155,33413.522198
0.0,129,33422.3987
2.0,204,33457.032369
0.0,129,33466.643085
7.0,408,33497.878644
3.0,249,33516.8833
0.0,127,33528.953411
1.0,177,33537.787227
1.0,173,33547.077061
1.0,173,33571.7877
8.0,377,33601.035238
4.0,321,33635.666848
4.0,299,33655.055541
3.0,248,33686.007634
4.0,278,33702.731543
0.0,129,33718.945233
2.0,204,33731.777174
2.0,202,33743.033912
0.0,127,33756.815776
0.0,125,33764.404923
4.0,299,33786.681756
0.0,129,33798.085078
3.0,248,33812.513567
1.0,171,33822.383508
2.0,223,33846.717573
0.0,129,33853.282471
0.0,129,33863.744901
0.0,129,33871.698998
2.0,220,33886.091675
0.0,125,33894.569608
0.0,127,33900.792521
0.0,125,33906.878294
0.0,129,33915.928213
2.0,185,33928.401649
3.0,230,33947.920896
2.0,202,33960.000261
1.0,173,33970.77352
1.0,175,33993.588502
2.0,202,34009.598865
0.0,127,34020.777083
3.0,271,34039.482575
4.0,299,34059.298872
0.0,127,34068.387188
1.0,157,34076.805674
0.0,127,34084.049435
8.0,354,34123.478701
0.0,129,34132.754601
0.0,127,34143.964522
14.0,487,34178.39243
2.0,200,34190.989686
1.0,172,34200.723374
1.0,157,34212.655006
1.0,155,34224.279233
4.0,277,34254.370319
0.0,129,34265.021621
0.0,127,34271.920781
3.0,227,34303.468427
10.0,431,34339.596059
2.0,186,34350.430984
2.0,200,34367.246488
0.0,127,34377.359464
1.0,155,34386.620652
0.0,129,34393.925809
1.0,177,34403.950935
0.0,129,34417.426365
2.0,202,34428.89419
0.0,125,34439.460788
3.0,232,34466.311025
2.0,204,34480.800432
1.0,155,34490.904914
0.0,129,34515.684231
0.0,129,34524.305499
3.0,248,34541.919841
3.0,248,34560.182005
0.0,127,34567.63348
2.0,198,34582.207178
2.0,221,34600.802742
1.0,175,34610.167681
3.0,234,34622.026306
1.0,177,34634.016828
1.0,155,34645.964782
1.0,178,34657.058398
2.0,205,34695.388259
0.0,129,34703.971425
5.0,326,34747.275398
2.0,201,34758.97282
3.0,251,34773.839669
2.0,201,34784.620503
1.0,175,34798.206777
0.0,127,34806.387737
1.0,177,34831.752819
0.0,127,34843.993583
0.0,129,34857.76375
0.0,129,34864.083589
2.0,198,34895.093107
0.0,127,34903.035913
2.0,222,34916.164573
0.0,129,34923.722105
1.0,175,34936.064005
2.0,181,34949.192416
0.0,129,34974.117135
0.0,127,34980.601601
1.0,157,34990.847875
0.0,129,34998.06221
0.0,127,35016.137781
0.0,129,35025.837419
3.0,250,35043.840687
0.0,129,35064.763724
3.0,229,35080.92761
7.0,322,35102.480492
1.0,175,35111.688742
8.0,370,35148.676395
0.0,125,35154.519808
0.0,125,35160.311613
3.0,248,35192.00474
0.0,129,35199.949869
2.0,222,35216.788652
4.0,299,35234.325362
1.0,169,35244.728982
0.0,125,35251.459655
1.0,153,35279.490605
2.0,198,35290.821031
0.0,127,35300.369092
0.0,127,35309.639322
0.0,129,35319.147145
0.0,125,35325.03963
1.0,178,35335.003409
1.0,175,35347.501279
0.0,129,35367.548547
2.0,181,35379.330861
1.0,157,35389.756955
0.0,129,35398.96454
3.0,233,35414.185804
1.0,175,35432.641947
0.0,127,35442.443753
1.0,171,35451.762837
1.0,170,35460.565493
2.0,202,35471.974492
1.0,173,35484.721306
4.0,284,35504.63267
3.0,246,35540.22124
2.0,201,35552.713119
0.0,127,35559.655118
2.0,205,35596.813633
2.0,219,35610.858379
2.0,200,35624.600627
0.0,127,35633.976674
1.0,173,35644.799219
1.0,173,35656.136805
0.0,127,35679.61801
0.0,129,35686.964758
0.0,129,35698.321584
1.0,173,35708.769935
2.0,204,35723.668029
3.0,251,35745.680245
2.0,207,35769.120466
1.0,155,35776.428331
1.0,157,35785.831702
0.0,127,35806.66607
0.0,129,35816.464682
3.0,229,35831.787965
0.0,129,35839.3653
1.0,176,35852.684478
0.0,123,35863.571138
0.0,127,35870.761932
2.0,204,35884.096555
2.0,223,35898.606415
2.0,185,35910.146698
1.0,157,35935.378454
0.0,127,35945.035774
1.0,157,35956.047332
2.0,202,35965.912488
1.0,153,35988.581789
1.0,157,35998.122606
2.0,206,36013.202369
0.0,129,36022.535309
2.0,183,36033.377739
1.0,174,36043.323661
1.0,176,36057.325717
2.0,202,36069.370751
0.0,129,36079.000278
0.0,127,36087.492351
0.0,127,36098.606863
4.0,302,36122.792983
1.0,157,36148.179039
1.0,157,36156.470197
0.0,129,36165.290444
0.0,127,36172.781629
2.0,198,36196.150522
0.0,127,36203.39975
0.0,127,36212.452355
0.0,127,36222.753688
0.0,129,36246.936197
0.0,129,36254.004481
0.0,125,36262.289198
1.0,176,36275.241452
3.0,228,36292.621307
0.0,127,36300.868962
0.0,129,36310.772868
1.0,175,36327.191842
3.0,250,36344.492898
0.0,127,36353.173365
1.0,172,36380.854707
1.0,173,36393.23117
3.0,249,36410.668802
4.0,265,36439.348431
3.0,268,36456.994448
2.0,201,36472.869384
0.0,129,36480.285475
0.0,125,36486.715532
0.0,129,36494.551878
0.0,129,36503.082983
2.0,204,36514.961844
2.0,202,36529.890735
2.0,226,36559.816233
0.0,129,36569.944948
0.0,127,36577.03198
0.0,127,36594.956241
0.0,129,36604.828337
4.0,301,36623.532432
0.0,127,36639.682028
1.0,174,36654.190283
0.0,127,36664.850389
1.0,152,36676.423815
4.0,285,36698.324038
1.0,157,36708.69232
1.0,173,36736.135004
0.0,129,36743.466577
0.0,125,36753.433987
6.0,382,36810.565383
2.0,181,36824.299461
0.0,127,36832.064769
2.0,187,36862.879214
0.0,125,36870.952511
0.0,129,36880.873338
1.0,153,36890.360116
1.0,157,36905.682743
4.0,301,36926.554085
2.0,222,36960.084584
1.0,155,36970.142425
4.0,285,36988.937848
5.0,329,37009.207916
1.0,176,37027.060742
1.0,176,37058.745399
1.0,172,37071.121427
0.0,127,37081.330848
2.0,203,37110.584948
0.0,129,37120.572516
0.0,125,37131.334125
4.0,278,37148.324706
1.0,155,37157.537571
4.0,319,37203.705377
3.0,270,37220.864473
0.0,125,37227.312423
0.0,127,37233.841016
2.0,186,37253.658313
5.0,349,37280.040197
0.0,129,37287.926719
1.0,176,37299.880519
1.0,157,37310.020398
0.0,129,37317.26093
2.0,201,37332.145135
1.0,155,37343.450733
0.0,129,37354.600475
2.0,223,37381.895979
1.0,175,37393.240972
3.0,269,37434.197087
0.0,129,37441.756177
1.0,157,37452.566133
1.0,175,37481.184785
1.0,157,37498.299488
1.0,173,37509.658023
3.0,238,37530.856467
2.0,201,37544.529567
0.0,127,37554.065202
10.0,470,37603.418049
2.0,200,37618.555851
0.0,127,37646.546913
2.0,223,37660.035574
1.0,173,37671.736547
0.0,129,37679.80542
0.0,129,37689.050267
0.0,129,37696.294734
3.0,270,37725.678257
5.0,350,37747.747914
2.0,206,37760.94917
1.0,157,37771.433923
2.0,199,37782.139332
1.0,173,37810.661845
9.0,404,37838.982243
1.0,155,37854.393242
3.0,248,37868.090503
0.0,129,37877.474743
0.0,127,37894.047453
0.0,125,37903.5897
0.0,127,37912.55053
5.0,350,37947.385466
2.0,202,37963.134812
3.0,249,37996.245527
0.0,123,38006.03157
1.0,155,38016.939854
0.0,127,38025.030363
3.0,268,38048.609156
1.0,173,38060.517066
1.0,174,38072.03392
3.0,233,38088.711695
3.0,255,38104.952544
1.0,176,38128.725183
2.0,201,38143.577191
2.0,221,38176.258164
1.0,173,38186.797821
2.0,225,38203.223726
2.0,184,38233.768002
1.0,155,38245.193385
1.0,155,38254.79231
0.0,125,38260.954101
1.0,173,38291.795054
0.0,129,38299.345991
0.0,127,38308.255126
0.0,129,38318.121568
0.0,125,38334.629134
5.0,311,38359.48363
0.0,125,38365.960224
9.0,382,38402.50633
5.0,350,38447.958492
2.0,198,38463.553638
1.0,175,38489.695616
0.0,125,38497.331795
2.0,202,38510.293474
1.0,173,38519.86665
0.0,129,38533.725645
0.0,125,38540.756721
2.0,183,38554.185654
1.0,173,38567.790988
1.0,178,38578.50116
2.0,220,38594.583901
0.0,129,38607.076313
3.0,248,38624.627929
0.0,129,38637.073733
3.0,235,38663.909188
1.0,172,38676.927994
4.0,319,38714.661661
3.0,246,38732.739245
4.0,299,38754.950943
2.0,200,38767.830585
0.0,125,38776.741731
2.0,202,38799.637996
0.0,129,38808.329592
2.0,200,38823.740278
0.0,125,38830.466944
3.0,232,38858.130813
0.0,127,38867.234834
0.0,129,38874.46349
2.0,224,38902.602544
9.0,403,38927.526023
1.0,175,38947.790869
2.0,224,38965.452505
0.0,129,38973.527492
1.0,170,38988.666576
0.0,127,38998.107839
0.0,129,39004.723514
5.0,350,39038.075836
0.0,125,39046.192591
1.0,170,39060.497171
2.0,202,39093.615232
2.0,200,39106.818524
3.0,271,39121.401515
0.0,127,39129.334308
0.0,125,39139.467824
5.0,350,39187.961725
0.0,125,39195.191761
0.0,125,39202.402306
5.0,368,39250.405786
4.0,277,39271.671468
0.0,125,39280.229766
0.0,129,39289.33626
0.0,127,39297.562263
0.0,129,39307.382808
0.0,129,39317.933783
0.0,125,39325.019563
0.0,129,39332.020906
0.0,129,39339.257378
0.0,129,39347.621266
1.0,173,39358.992944
0.0,127,39367.367197
6.0,378,39405.446215
1.0,175,39415.412152
0.0,129,39424.198069
1.0,173,39438.605043
3.0,250,39455.01153
0.0,129,39461.881533
1.0,153,39480.321701
1.0,159,39490.135659
0.0,127,39499.446165
2.0,220,39515.026556
1.0,154,39523.504613
0.0,127,39533.970032
0.0,129,39542.557334
1.0,153,39573.272424
1.0,171,39584.034199
1.0,175,39596.759571
0.0,129,39604.011884
2.0,223,39637.423016
0.0,123,39647.133174
0.0,127,39653.960786
0.0,129,39661.296899
0.0,127,39669.307206
2.0,202,39680.439406
0.0,129,39688.810783
2.0,222,39722.442324
2.0,204,39736.236506
1.0,155,39747.585356
0.0,127,39768.841868
1.0,178,39780.535561
1.0,154,39790.160209
2.0,202,39804.077406
0.0,129,39813.193247
1.0,157,39823.392666
0.0,127,39829.488004
3.0,250,39861.580788
1.0,155,39869.919466
1.0,157,39880.372653
2.0,203,39891.780949
4.0,283,39909.737773
1.0,155,39928.777109
1.0,155,39937.933291
1.0,173,39950.205065
1.0,173,39976.366698
4.0,303,39993.970549
4.0,276,40010.312922
5.0,352,40034.169872
3.0,251,40050.136349
6.0,390,40096.734277
1.0,175,40112.588578
1.0,173,40123.142497
0.0,125,40130.684538
0.0,129,40161.516597
1.0,173,40173.272783
0.0,129,40182.281595
4.0,321,40221.298277
2.0,202,40233.735238
0.0,127,40241.782679
1.0,173,40268.527769
0.0,129,40278.621073
3.0,237,40293.705617
0.0,127,40310.962589
1.0,175,40322.82184
0.0,125,40331.289542
0.0,125,40339.367509
4.0,300,40360.418786
0.0,129,40369.620443
4.0,298,40392.12022
6.0,392,40434.663917
2.0,198,40446.223024
0.0,129,40453.276548
0.0,127,40460.688886
0.0,129,40485.027111
2.0,206,40500.00857
1.0,171,40511.974247
2.0,205,40526.586065
3.0,252,40543.7574
0.0,123,40552.576798
1.0,153,40584.231745
0.0,127,40591.482831
0.0,123,40597.376965
1.0,157,40606.866398
0.0,125,40629.92736
0.0,125,40637.530405
1.0,175,40651.23557
6.0,400,40683.358139
1.0,175,40693.537258
2.0,203,40720.948934
0.0,127,40729.311936
3.0,230,40747.536362
1.0,173,40774.389751
1.0,155,40784.784222
3.0,252,40798.184745
0.0,125,40816.01643
1.0,175,40827.177799
0.0,127,40835.34839
0.0,129,40842.402859
0.0,127,40869.861008
0.0,127,40879.197144
2.0,200,40892.005022
2.0,198,40904.220473
0.0,127,40915.911711
0.0,129,40924.768802
3.0,229,40937.537387
2.0,200,40957.997796
3.0,230,40973.755815
2.0,227,40999.195127
3.0,251,41015.000905
1.0,173,41026.266518
1.0,157,41036.72549
0.0,129,41045.584546
0.0,127,41052.58227
1.0,155,41062.149675
1.0,175,41080.232029
1.0,173,41094.536459
1.0,170,41103.676226
1.0,173,41118.15408
0.0,123,41127.719742
2.0,226,41148.114366
0.0,125,41176.492732
0.0,127,41185.058046
0.0,129,41192.56634
0.0,127,41200.194216
2.0,222,41214.689957
2.0,202,41229.218482
1.0,175,41242.322325
2.0,203,41263.134007
4.0,298,41283.678438
6.0,393,41314.614027
1.0,176,41326.561198
0.0,127,41352.838027
3.0,232,41365.328327
1.0,178,41379.096598
0.0,129,41400.386961
0.0,127,41409.287238
3.0,229,41426.551779
1.0,157,41445.542851
0.0,127,41454.715973
0.0,129,41463.375554
1.0,173,41473.575719
1.0,176,41498.984822
1.0,155,41509.995302
1.0,173,41523.257885
2.0,201,41555.129385
0.0,127,41563.094251
0.0,129,41571.830431
0.0,125,41578.371222
1.0,176,41602.929209
2.0,228,41620.847281
4.0,261,41652.113764
0.0,127,41659.646085
0.0,129,41667.442276
2.0,205,41683.924145
4.0,249,41713.65207
2.0,185,41727.919154
0.0,127,41735.17176
0.0,127,41749.104114
2.0,203,41763.715677
1.0,159,41774.800628
2.0,183,41795.437888
1.0,173,41807.157068
4.0,280,41840.796685
2.0,188,41852.602243
1.0,175,41861.440399
4.0,245,41901.034826
0.0,125,41909.27218
0.0,127,41918.611073
1.0,157,41930.445711
1.0,171,41953.032352
0.0,127,41959.938528
10.0,434,41996.827852
2.0,187,42009.459394
4.0,297,42036.584099
0.0,125,42044.730063
0.0,127,42053.761081
2.0,222,42091.634954
1.0,157,42100.581229
4.0,299,42119.973307
1.0,155,42146.323099
3.0,233,42161.104511
4.0,297,42182.725451
0.0,127,42191.851048
1.0,157,42202.577849
0.0,129,42210.192417
3.0,229,42243.814944
0.0,125,42253.437959
0.0,125,42260.497227
0.0,127,42272.167427
6.0,397,42303.346241
5.0,329,42332.704691
1.0,175,42344.408554
0.0,127,42361.255136
2.0,204,42377.90484
3.0,250,42395.494329
1.0,178,42407.65999
0.0,129,42416.019914
3.0,270,42433.83213
0.0,127,42456.104986
1.0,171,42467.807532
3.0,248,42483.069907
1.0,175,42516.468644
1.0,174,42528.508799
2.0,225,42565.991472
5.0,335,42587.699912
0.0,129,42595.198045
4.0,300,42634.845828
0.0,127,42641.68445
5.0,367,42665.491023
2.0,200,42679.094959
0.0,125,42687.878159
1.0,157,42699.085896
2.0,225,42713.544123
2.0,222,42731.773592
0.0,129,42741.442883
1.0,157,42750.298007
0.0,127,42759.693211
1.0,155,42780.387501
0.0,129,42789.530471
1.0,157,42800.279567
1.0,154,42811.466788
2.0,202,42841.229895
0.0,129,42849.64388
1.0,172,42860.106043
0.0,129,42869.245555
0.0,129,42877.085013
1.0,173,42887.986496
4.0,267,42905.558856
1.0,157,42915.536031
1.0,157,42926.999156
1.0,156,42937.327944
2.0,224,42966.883526
2.0,204,42983.74546
0.0,127,42996.067394
3.0,229,43011.133934
3.0,253,43029.424481
1.0,170,43057.670705
1.0,172,43071.18521
2.0,222,43086.466821
0.0,127,43112.64637
0.0,125,43121.494062
0.0,129,43129.94494
0.0,129,43138.233425
2.0,222,43153.329714
4.0,300,43174.162168
0.0,125,43193.02744
0.0,129,43201.204808
1.0,159,43214.227042
1.0,175,43226.437244
1.0,153,43238.36529
2.0,205,43250.776272
0.0,125,43257.671903
1.0,175,43285.237716
0.0,127,43292.142876
1.0,171,43301.580215
0.0,129,43308.881908
0.0,127,43332.629734
3.0,272,43349.75857
0.0,129,43357.663186
1.0,172,43367.84586
0.0,129,43374.802202
3.0,250,43390.361397
0.0,127,43399.857789
0.0,127,43408.000285
2.0,201,43421.151472
0.0,125,43427.457731
3.0,232,43441.690583
1.0,157,43450.864241
3.0,274,43472.803596
1.0,155,43485.296833
2.0,201,43500.086166
1.0,174,43509.590385
0.0,127,43516.888699
0.0,125,43523.290513
0.0,129,43533.971333
3.0,250,43562.580861
0.0,127,43569.541627
1.0,155,43579.826886
0.0,127,43596.496384
0.0,127,43603.92869
2.0,200,43617.670471
0.0,127,43624.477507
1.0,172,43648.128736
1.0,173,43658.532079
2.0,220,43676.996078
1.0,160,43701.406738
0.0,129,43709.477839
0.0,129,43716.724639
0.0,129,43724.378572
0.0,129,43744.766031
0.0,125,43756.208325
2.0,200,43769.491276
0.0,127,43776.632849
0.0,129,43801.310136
0.0,127,43807.815894
0.0,125,43814.502574
0.0,129,43820.502387
0.0,127,43843.814595
1.0,155,43852.375618
2.0,198,43866.93697
1.0,155,43886.957273
0.0,125,43896.218388
2.0,205,43910.832119
0.0,129,43918.825631
1.0,171,43949.282053
3.0,270,43967.483553
0.0,127,43973.903457
0.0,127,43996.014483
2.0,200,44011.45318
1.0,155,44020.846772
0.0,127,44028.674753
3.0,235,44046.381929
1.0,157,44055.039597
4.0,281,44097.821276
1.0,175,44108.92895
0.0,129,44116.173714
4.0,301,44141.219793
1.0,159,44153.009864
1.0,157,44163.070223
5.0,344,44183.609582
0.0,127,44191.21012
2.0,188,44207.009499
2.0,203,44220.81822
0.0,129,44229.170501
0.0,127,44247.991654
2.0,202,44259.246125
5.0,352,44292.167127
1.0,174,44303.4465
1.0,171,44316.599771
0.0,129,44324.279373
3.0,251,44355.248202
2.0,204,44369.829982
1.0,177,44380.731288
0.0,129,44388.394669
0.0,127,44398.999522
5.0,350,44444.625635
0.0,127,44452.5901
2.0,202,44466.349274
5.0,370,44511.087452
3.0,251,44530.212209
4.0,282,44547.69789
1.0,173,44557.932182
1.0,173,44594.345409
3.0,252,44610.910748
1.0,173,44620.202269
0.0,125,44627.763659
0.0,127,44635.374653
0.0,125,44642.067307
6.0,382,44686.545429
0.0,125,44694.041792
0.0,127,44701.388544
1.0,153,44712.72084
3.0,233,44731.06608
0.0,129,44739.667341
2.0,203,44754.600506
0.0,125,44765.554868
1.0,173,44776.769502
3.0,219,44793.797963
1.0,176,44805.990007
5.0,368,44839.849154
0.0,127,44847.559008
1.0,156,44856.526567
2.0,205,44877.830687
1.0,173,44887.439275
0.0,125,44896.994109
2.0,187,44910.980196
0.0,125,44917.423787
0.0,129,44923.976131
0.0,127,44931.384801
1.0,173,44941.146289
4.0,259,44962.679813
0.0,129,44971.582774
1.0,171,44981.987698
0.0,125,45010.475818
2.0,223,45028.420007
0.0,127,45036.641355
0.0,127,45044.76368
2.0,181,45057.883081
2.0,204,45070.584628
3.0,248,45106.60439
0.0,129,45115.003253
0.0,127,45124.328024
2.0,187,45153.052487
2.0,204,45165.209549
3.0,250,45180.709855
1.0,176,45192.735008
9.0,380,45218.36035
0.0,125,45245.950795
0.0,129,45253.733185
4.0,321,45277.571907
5.0,351,45302.209806
0.0,129,45313.536953
2.0,224,45336.258864
3.0,274,45354.650678
1.0,157,45369.883929
0.0,129,45377.844726
2.0,202,45392.179983
0.0,129,45399.277223
0.0,129,45413.490665
6.0,399,45441.408674
3.0,252,45477.657472
2.0,201,45490.371945
0.0,129,45512.270031
0.0,129,45520.025684
0.0,127,45528.199061
2.0,225,45542.08844
1.0,157,45560.506999
1.0,157,45571.681346
1.0,157,45581.412125
1.0,155,45618.987487
2.0,202,45633.773135
0.0,129,45641.025019
8.0,443,45670.529738
2.0,201,45684.549483
2.0,220,45723.685573
0.0,127,45733.569432
1.0,177,45743.427618
0.0,129,45770.937252
2.0,223,45785.341356
2.0,224,45800.312124
1.0,172,45811.49123
6.0,332,45830.26422
3.0,230,45853.916227
1.0,175,45865.32119
0.0,127,45872.346116
0.0,129,45889.52998
2.0,202,45903.406692
4.0,299,45923.595278
0.0,129,45930.955849
5.0,328,45952.136438
2.0,202,45979.300259
0.0,129,45987.3735
3.0,252,46021.435793
3.0,248,46035.114732
1.0,173,46048.248458
0.0,127,46060.909952
6.0,392,46087.980976
0.0,127,46101.535094
0.0,127,46109.365191
1.0,173,46119.311903
2.0,198,46132.779362
3.0,250,46153.242966
0.0,129,46161.554796
1.0,176,46171.601972
0.0,125,46193.673795
2.0,224,46207.030663
1.0,171,46217.143462
1.0,155,46243.745709
0.0,129,46253.130057
1.0,157,46266.062571
2.0,201,46279.723026
2.0,204,46293.997837
0.0,123,46304.934014
1.0,176,46316.383057
2.0,224,46349.797895
1.0,155,46359.614953
3.0,250,46376.662823
2.0,204,46390.534804
2.0,185,46403.133167
1.0,154,46433.746792
3.0,249,46450.197867
1.0,155,46459.958719
0.0,129,46484.989616
0.0,127,46492.873195
1.0,155,46503.889146
3.0,250,46519.27683
0.0,127,46527.546731
0.0,125,46536.146529
1.0,170,46546.530395
3.0,250,46583.129064
0.0,129,46591.859057
1.0,171,46602.225812
0.0,125,46624.188543
0.0,127,46631.599972
1.0,173,46641.739239
2.0,204,46664.609779
3.0,273,46682.746898
2.0,202,46695.080909
3.0,220,46709.015147
1.0,173,46722.988406
3.0,248,46758.52159
6.0,403,46785.637222
7.0,412,46835.717433
0.0,125,46844.419215
0.0,127,46851.972777
4.0,280,46870.896268
1.0,157,46879.96437
0.0,129,46914.498278
1.0,175,46925.239901
1.0,153,46934.381901
0.0,129,46969.419261
2.0,200,46982.704437
1.0,155,46992.169584
1.0,173,47026.667227
1.0,154,47035.208038
0.0,127,47041.978039
1.0,153,47050.649075
1.0,157,47060.603214
3.0,250,47076.564382
0.0,129,47085.051794
2.0,224,47118.788399
0.0,129,47126.569874
5.0,344,47151.115465
4.0,324,47170.998402
0.0,127,47181.49793
7.0,455,47233.653885
0.0,127,47263.546505
4.0,319,47282.372691
2.0,202,47299.323036
2.0,223,47314.855563
2.0,224,47327.609373
2.0,183,47339.137798
1.0,153,47347.368828
0.0,125,47354.387327
1.0,173,47364.519764
0.0,129,47370.872102
0.0,127,47378.233273
3.0,270,47415.318803
0.0,127,47423.040316
0.0,129,47430.35696
0.0,127,47437.176066
0.0,127,47443.647396
5.0,351,47469.821643
1.0,173,47481.124261
0.0,125,47511.267969
0.0,125,47518.403638
0.0,129,47529.960835
1.0,176,47540.055772
4.0,303,47560.704092
2.0,200,47575.886884
0.0,125,47597.600757
0.0,127,47605.290905
0.0,127,47613.162083
4.0,279,47661.343333
2.0,202,47674.590605
4.0,277,47693.576624
0.0,127,47724.727458
1.0,153,47735.296639
0.0,129,47745.29286
2.0,201,47757.52325
1.0,176,47767.118253
0.0,129,47777.57212
2.0,220,47815.517664
1.0,177,47828.629879
1.0,157,47840.018443
1.0,155,47849.565124
1.0,157,47881.019111
0.0,127,47888.37495
2.0,203,47902.326421
1.0,157,47915.404262
2.0,225,47934.772489
0.0,129,47942.810801
0.0,125,47953.658428
1.0,173,47975.672706
1.0,175,47986.069441
0.0,125,47993.323009
2.0,202,48015.805739
2.0,183,48025.171003
1.0,176,48037.07184
1.0,175,48067.662866
2.0,219,48078.998141
0.0,127,48085.964313
0.0,129,48093.014207
1.0,155,48102.122183
1.0,175,48114.586258
1.0,173,48125.843213
1.0,155,48136.142869
0.0,129,48145.50333
5.0,314,48181.577323
3.0,252,48199.902102
2.0,183,48210.686255
2.0,203,48222.427344
0.0,127,48229.155697
2.0,204,48241.58519
0.0,129,48271.037643
2.0,200,48284.436237
2.0,202,48299.142517
0.0,129,48319.986941
1.0,153,48328.518372
0.0,127,48334.539854
2.0,224,48352.449713
0.0,125,48359.36726
1.0,171,48368.748598
5.0,351,48413.541894
0.0,129,48419.490193
0.0,125,48425.990138
3.0,246,48459.42451
0.0,127,48465.190646
0.0,125,48473.937846
0.0,127,48481.788421
2.0,188,48494.154055
0.0,127,48500.816067
1.0,171,48511.879227
3.0,250,48532.652442
2.0,201,48545.184003
2.0,201,48557.154272
1.0,172,48587.086383
2.0,222,48602.871405
0.0,129,48611.08176
0.0,123,48625.802615
0.0,125,48634.048725
3.0,229,48652.167672
0.0,127,48658.065751
1.0,173,48671.515661
0.0,127,48680.447504
0.0,127,48688.054563
0.0,127,48695.409101
2.0,222,48720.833782
4.0,259,48739.536955
0.0,127,48755.069851
0.0,129,48762.343102
2.0,198,48774.664572
2.0,224,48793.136029
0.0,127,48800.323182
3.0,268,48819.041183
0.0,129,48827.693608
2.0,222,48846.952632
0.0,129,48855.659412
0.0,129,48862.780472
3.0,252,48902.564366
1.0,155,48911.073526
0.0,127,48917.360444
0.0,127,48926.686638
0.0,129,48936.022347
4.0,300,48955.589444
0.0,127,48963.604586
2.0,199,48976.70592
0.0,129,48983.933998
1.0,155,48995.702298
2.0,200,49009.623341
2.0,201,49023.755462
2.0,224,49043.99912
0.0,125,49052.191237
0.0,125,49060.048473
0.0,127,49068.729833
0.0,125,49087.788303
0.0,127,49095.779565
0.0,129,49104.794133
1.0,169,49115.331875
0.0,127,49123.328519
3.0,248,49137.983941
2.0,200,49149.468884
0.0,125,49171.761041
2.0,202,49183.656523
0.0,125,49191.839489
1.0,178,49221.813116
6.0,398,49246.864595
4.0,301,49283.137229
0.0,127,49291.533028
2.0,202,49307.306358
0.0,129,49316.610818
0.0,125,49327.26636
0.0,127,49335.462811
0.0,129,49341.637895
2.0,204,49380.693103
1.0,153,49389.928711
0.0,129,49397.665314
2.0,200,49424.706089
2.0,203,49437.169238
1.0,157,49445.904975
1.0,155,49457.886095
2.0,202,49471.532562
2.0,225,49484.535152
0.0,129,49491.593157
0.0,129,49501.458047
0.0,127,49509.783432
0.0,127,49518.169215
1.0,151,49552.251528
0.0,129,49561.412624
0.0,127,49569.261166
0.0,129,49577.193619
0.0,125,49604.963051
1.0,175,49617.433671
0.0,129,49626.600104
1.0,154,49636.348832
0.0,129,49659.677176
1.0,152,49666.864506
2.0,185,49679.036076
1.0,174,49700.719112
1.0,153,49711.414515
1.0,155,49721.339386
1.0,155,49736.046283
3.0,231,49773.492375
0.0,129,49782.305329
0.0,129,49790.408613
1.0,175,49820.446054
2.0,222,49833.571297
0.0,129,49840.349563
0.0,129,49847.44933
1.0,171,49858.531195
4.0,299,49875.972462
1.0,170,49888.725698
2.0,224,49905.320676
0.0,125,49912.638173
2.0,204,49947.411552
1.0,172,49957.508617
2.0,204,49968.309769
2.0,224,50003.610283
6.0,361,50028.33446
3.0,273,50046.760084
0.0,123,50053.78792
5.0,346,50096.007156
0.0,127,50103.120638
2.0,224,50136.50672
0.0,127,50143.441998
1.0,173,50153.860298
0.0,129,50161.503583
1.0,175,50171.488593
2.0,202,50184.393754
2.0,224,50196.167559
3.0,250,50228.808862
0.0,129,50237.259334
3.0,254,50259.19449
2.0,203,50271.817625
0.0,127,50278.159913
1.0,173,50290.563071
0.0,127,50297.494929
2.0,204,50310.679178
4.0,296,50329.245049
1.0,171,50340.161471
1.0,155,50349.234366
0.0,127,50372.133923
1.0,153,50383.115208
2.0,226,50396.119263
0.0,127,50404.454208
1.0,175,50414.75675
5.0,366,50463.279314
1.0,157,50472.815401
1.0,157,50481.518656
2.0,186,50494.004386
0.0,125,50525.262274
0.0,129,50531.990264
1.0,177,50542.483067
1.0,175,50554.146333
0.0,125,50561.816908
0.0,125,50569.113959
0.0,129,50575.81641
0.0,127,50582.918347
1.0,155,50611.621351
1.0,174,50621.520701
0.0,127,50628.614533
2.0,183,50653.803734
2.0,201,50667.788689
4.0,299,50691.880676
0.0,129,50701.10263
0.0,127,50708.82441
1.0,173,50719.736176
0.0,129,50747.708168
0.0,127,50755.253687
1.0,176,50766.711713
5.0,328,50787.666839
1.0,177,50801.247622
4.0,298,50839.304256
0.0,127,50846.055419
0.0,129,50852.596498
1.0,157,50861.748471
0.0,129,50869.009125
0.0,125,50878.75867
2.0,203,50889.965358
0.0,129,50897.905209
2.0,202,50922.103937
1.0,155,50930.174571
0.0,127,50937.527613
0.0,125,50946.187269
1.0,155,50953.172478
2.0,228,50965.1405
0.0,127,50970.948477
3.0,272,50987.537522
2.0,203,50997.320441
0.0,127,51003.223813
0.0,127,51009.539736
0.0,129,51016.539136
0.0,125,51022.075625
2.0,203,51058.271311
2.0,201,51069.589151
2.0,222,51080.309743
1.0,175,51107.75798
1.0,177,51115.372124
1.0,154,51122.101497
0.0,125,51127.026662
5.0,331,51142.974746
5.0,352,51161.505739
0.0,129,51167.021998
0.0,129,51174.379287
0.0,129,51191.650332
7.0,323,51208.242805
0.0,125,51213.473708
3.0,246,51226.634415
0.0,129,51231.708349
0.0,127,51236.842897
2.0,201,51262.16453
2.0,201,51272.920104
0.0,127,51278.324627
0.0,123,51283.880401
2.0,206,51293.180502
2.0,202,51302.866949
2.0,190,51335.914515
2.0,204,51347.243324
2.0,205,51356.141863
3.0,252,51378.401021
0.0,129,51383.554761
2.0,218,51411.4835
0.0,129,51416.981364
0.0,125,51422.293703
3.0,249,51433.523982
2.0,204,51443.139165
1.0,157,51452.754393
1.0,174,51460.137724
3.0,234,51485.241629
0.0,129,51490.55649
2.0,221,51506.850307
0.0,127,51512.355322
2.0,201,51521.732473
2.0,223,51547.930507
4.0,295,51563.097582
5.0,352,51579.23628
0.0,129,51585.118062
1.0,176,51592.812431
0.0,129,51598.556932
1.0,175,51606.118483
0.0,127,51613.519328
0.0,127,51619.104614
0.0,127,51647.126658
2.0,200,51656.38456
2.0,182,51664.18769
2.0,202,51697.503954
1.0,173,51706.957788
1.0,173,51715.12248
2.0,222,51733.486412
0.0,129,51738.894701
1.0,176,51747.010343
0.0,127,51752.877918
0.0,129,51758.858439
2.0,206,51768.863326
1.0,157,51775.929416
1.0,155,51785.969134
0.0,129,51791.462344
1.0,155,51798.479854
3.0,249,51811.952327
1.0,155,51818.42178
1.0,155,51826.302632
2.0,202,51835.81892
0.0,127,51841.234786
0.0,129,51847.414757
0.0,129,51853.310444
1.0,173,51873.317578
0.0,127,51878.856158
1.0,173,51886.627204
1.0,175,51894.239771
0.0,129,51899.634979
0.0,129,51905.204584
0.0,129,51912.745551
3.0,251,51945.991724
1.0,174,51952.955933
0.0,129,51962.899588
2.0,220,51978.482251
4.0,299,51992.469459
2.0,206,52010.125768
0.0,129,52015.601649
2.0,222,52027.748185
0.0,129,52035.600376
1.0,153,52050.840549
0.0,127,52057.058626
0.0,129,52062.624022
0.0,129,52068.238528
1.0,155,52090.124051
0.0,125,52101.02325
1.0,171,52108.821299
2.0,205,52124.723534
0.0,125,52130.010339
1.0,170,52137.162619
0.0,129,52142.623514
2.0,189,52154.827902
0.0,125,52160.118677
0.0,127,52165.677643
1.0,159,52172.539437
3.0,253,52184.328882
0.0,129,52191.285466
1.0,157,52200.488386
0.0,129,52223.271188
1.0,175,52232.766767
1.0,153,52238.653754
2.0,200,52247.414826
6.0,377,52265.227201
1.0,176,52294.83823
2.0,224,52305.516451
2.0,183,52314.401294
1.0,174,52321.921368
0.0,127,52329.376264
1.0,155,52336.004793
2.0,204,52349.392624
1.0,175,52357.809654
1.0,173,52365.129657
1.0,174,52389.249482
0.0,129,52397.432601
5.0,312,52414.012435
0.0,129,52438.528372
1.0,171,52446.246192
2.0,181,52454.326368
2.0,183,52462.512435
2.0,204,52472.445182
2.0,200,52481.405983
3.0,272,52497.150008
0.0,127,52502.688375
3.0,249,52537.930521
4.0,282,52552.008812
0.0,125,52558.00756
0.0,127,52591.184678
3.0,247,52605.031636
4.0,281,52619.980633
0.0,127,52625.140718
1.0,153,52633.834482
3.0,251,52652.440755
1.0,178,52661.887247
4.0,300,52675.376115
7.0,323,52693.507609
0.0,127,52699.018576
0.0,129,52710.925762
0.0,129,52716.043458
0.0,129,52721.706994
2.0,184,52729.51701
2.0,201,52747.077605
2.0,223,52757.608361
0.0,129,52762.996397
0.0,127,52783.068232
4.0,322,52798.891623
0.0,127,52804.209617
4.0,319,52819.451517
1.0,175,52826.862551
0.0,129,52836.587017
9.0,380,52853.235963
0.0,125,52879.268589
0.0,125,52884.625221
3.0,251,52896.498953
0.0,127,52904.416451
4.0,297,52934.470772
2.0,200,52943.712193
0.0,129,52965.573066
5.0,352,52983.365178
3.0,248,52995.551496
10.0,452,53021.648942
6.0,396,53039.293261
0.0,129,53052.655915
0.0,129,53058.072956
0.0,129,53065.095051
1.0,155,53071.638286
5.0,346,53088.133245
0.0,129,53093.658931
8.0,476,53145.128855
1.0,155,53167.092362
1.0,153,53173.402762
0.0,123,53178.965598
7.0,410,53202.928489
0.0,125,53208.416049
2.0,205,53218.578107
0.0,127,53236.730964
1.0,176,53244.690815
0.0,127,53249.550115
0.0,129,53256.394739
0.0,127,53266.02151
1.0,153,53274.127761
0.0,127,53279.34527
0.0,125,53284.438627
1.0,173,53292.142181
1.0,157,53299.107718
1.0,157,53307.161205
1.0,158,53315.449138
2.0,184,53323.692942
1.0,159,53330.700887
3.0,256,53363.5361
2.0,200,53372.68938
1.0,172,53386.368776
2.0,222,53410.623002
0.0,129,53415.814878
0.0,129,53422.517266
0.0,129,53427.62166
2.0,204,53450.198077
4.0,298,53463.521524
0.0,127,53469.573064
3.0,252,53482.36956
4.0,280,53507.151671
0.0,127,53514.336508
3.0,248,53525.125399
1.0,157,53531.938268
2.0,224,53542.187883
0.0,123,53547.22618
0.0,127,53553.498563
2.0,202,53567.620329
4.0,263,53583.02524
3.0,245,53608.229477
2.0,220,53618.939873
0.0,127,53624.170141
0.0,129,53648.742335
2.0,219,53661.351911
0.0,125,53668.358587
2.0,200,53681.627019
0.0,129,53687.620315
2.0,226,53698.425101
1.0,175,53706.931401
0.0,127,53712.48121
0.0,127,53717.669332
3.0,271,53734.832672
1.0,173,53742.506755
0.0,127,53748.780117
0.0,127,53754.00329
1.0,174,53766.572105
1.0,169,53774.677791
0.0,127,53780.322874
0.0,129,53785.713862
1.0,175,53801.451852
1.0,171,53809.149442
2.0,203,53817.54003
0.0,129,53834.803029
2.0,225,53845.922026
1.0,153,53852.845536
0.0,129,53859.22911
2.0,201,53868.195799
0.0,125,53873.636221
1.0,151,53882.547841
1.0,175,53893.072766
2.0,224,53902.829592
0.0,129,53908.358191
0.0,127,53919.781888
0.0,129,53926.396665
0.0,129,53931.691259
3.0,249,53946.246424
0.0,127,53951.433858
1.0,155,53958.087914
1.0,155,53964.454492
2.0,223,53978.37807
2.0,190,53986.697769
0.0,127,53992.41469
3.0,271,54015.65607
1.0,175,54025.644411
0.0,127,54030.922341
1.0,171,54046.928487
0.0,127,54052.348642
4.0,274,54065.085939
0.0,125,54070.556797
1.0,151,54076.881263
3.0,232,54087.218849
0.0,127,54092.486894
2.0,203,54101.402759
0.0,129,54106.513056
1.0,155,54118.574658
1.0,173,54128.787761
2.0,190,54138.420772
0.0,127,54145.219455
0.0,127,54152.574587
1.0,153,54159.235152
1.0,155,54166.313717
0.0,129,54174.681317
2.0,224,54184.215287
3.0,252,54194.705985
0.0,127,54205.016309
1.0,153,54211.60134
2.0,223,54221.279135
0.0,129,54227.140817
0.0,127,54233.078442
1.0,175,54241.337659
1.0,157,54248.111676
2.0,183,54273.809784
4.0,280,54287.205681
1.0,175,54310.938725
1.0,155,54317.655709
0.0,127,54322.751373
3.0,250,54338.879731
1.0,176,54347.420766
1.0,153,54354.30426
2.0,204,54363.634958
1.0,177,54371.964643
1.0,155,54379.875827
1.0,175,54389.291524
0.0,127,54404.0849
0.0,127,54410.555629
0.0,123,54416.778497
1.0,170,54426.870315
1.0,175,54456.188087
2.0,199,54467.332068
0.0,127,54473.125935
2.0,190,54485.448569
2.0,223,54496.312699
3.0,248,54527.766793
2.0,183,54537.042823
3.0,248,54548.609937
2.0,202,54557.686852
3.0,268,54569.691374
0.0,129,54584.681421
1.0,175,54592.920752
5.0,372,54627.612134
0.0,129,54633.119822
1.0,157,54641.271002
0.0,127,54646.651508
0.0,127,54657.412673
4.0,295,54674.113284
2.0,198,54684.188065
0.0,129,54691.81613
0.0,129,54697.133204
0.0,129,54702.551391
0.0,127,54708.617881
0.0,129,54721.865002
0.0,127,54727.281484
0.0,127,54732.475097
5.0,332,54749.015848
0.0,127,54755.323952
4.0,299,54768.565839
5.0,350,54789.463075
4.0,297,54810.047915
2.0,198,54820.697349
2.0,202,54829.681638
0.0,129,54852.831304
1.0,155,54859.637186
2.0,220,54870.061907
1.0,153,54876.609141
6.0,394,54893.550353
1.0,153,54900.836167
2.0,206,54910.003133
0.0,127,54917.024324
0.0,127,54942.267761
0.0,123,54947.371959
2.0,200,54956.714948
3.0,251,54978.203917
3.0,248,54989.880841
0.0,127,54995.040567
0.0,127,55021.367689
1.0,171,55028.677151
0.0,127,55034.338432
1.0,154,55041.275372
1.0,155,55063.151465
1.0,175,55070.655571
0.0,127,55075.946589
3.0,234,55109.594731
2.0,183,55117.863946
1.0,157,55124.633783
1.0,157,55134.980858
1.0,156,55141.842297
1.0,157,55149.126324
2.0,222,55163.092233
0.0,129,55169.207597
2.0,200,55177.970601
1.0,157,55184.460976
2.0,228,55212.838102
1.0,178,55221.117787
0.0,123,55226.10906
3.0,218,55255.005212
0.0,129,55261.030011
1.0,176,55268.618946
3.0,230,55293.900133
2.0,206,55305.494228
3.0,218,55314.823945
3.0,248,55325.617807
0.0,127,55331.506504
0.0,127,55336.796276
0.0,125,55341.770076
2.0,202,55351.781172
3.0,219,55371.282943
1.0,173,55378.442748
0.0,129,55383.907001
0.0,127,55390.321448
0.0,127,55413.290221
3.0,248,55426.164342
0.0,129,55433.089231
0.0,129,55439.573335
0.0,127,55445.103141
0.0,129,55450.465218
1.0,178,55459.446635
2.0,184,55467.794183
0.0,123,55472.82372
0.0,129,55478.438113
3.0,272,55505.775646
0.0,127,55511.28744
2.0,202,55520.04088
0.0,129,55527.075539
10.0,429,55566.61265
0.0,129,55575.320797
2.0,202,55585.975457
4.0,301,55600.461432
0.0,127,55606.108208
0.0,129,55611.526602
0.0,127,55616.599379
0.0,129,55623.22217
1.0,174,55639.723035
8.0,354,55660.276357
0.0,129,55666.708606
2.0,200,55676.064435
0.0,127,55681.474407
1.0,172,55689.606166
1.0,170,55718.220941
5.0,353,55737.522229
2.0,198,55756.382119
2.0,185,55764.541641
1.0,155,55771.346945
0.0,129,55800.174607
1.0,172,55810.107729
1.0,172,55817.491412
0.0,127,55822.684573
1.0,177,55852.481729
2.0,225,55863.519396
1.0,173,55878.759205
1.0,155,55885.414428
1.0,155,55892.186118
1.0,157,55898.851132
2.0,219,55908.466489
1.0,175,55919.461667
0.0,125,55926.767735
2.0,183,55938.281909
0.0,125,55943.949545
0.0,129,55949.141158
5.0,351,56000.401763
1.0,173,56008.644452
1.0,159,56015.510525
0.0,127,56020.930452
5.0,289,56036.008959
0.0,127,56043.720474
1.0,178,56058.982346
0.0,127,56064.250998
5.0,350,56080.204468
1.0,178,56087.668374
0.0,125,56093.553452
1.0,155,56103.203779
2.0,204,56119.669303
2.0,224,56130.388484
2.0,202,56144.419474
3.0,250,56157.41337
0.0,127,56164.002584
0.0,127,56185.957802
1.0,159,56192.553227
0.0,129,56200.997571
0.0,127,56206.197947
2.0,206,56229.298312
1.0,158,56237.300082
1.0,175,56247.819898
0.0,125,56264.569341
1.0,159,56272.147996
5.0,370,56289.138065
0.0,125,56294.259783
1.0,175,56301.895143
1.0,157,56308.457047
1.0,157,56315.291107
0.0,129,56320.534751
1.0,155,56326.966478
4.0,278,56339.731147
1.0,155,56346.674352
3.0,250,56358.216426
0.0,127,56363.499976
0.0,129,56368.891249
2.0,190,56377.354709
1.0,175,56385.041121
1.0,157,56392.017469
3.0,248,56403.147896
1.0,157,56410.26433
1.0,173,56417.566608
5.0,293,56430.781118
0.0,127,56435.761849
1.0,175,56443.351263
3.0,254,56454.269456
1.0,155,56461.422558
0.0,129,56466.868403
1.0,155,56473.603445
1.0,171,56481.864898
0.0,125,56487.073185
0.0,125,56492.251344
0.0,127,56497.571168
0.0,129,56502.927574
1.0,155,56509.519572
1.0,157,56516.829778
0.0,129,56522.121603
2.0,202,56531.188665
2.0,184,56539.171705
0.0,127,56544.370326
4.0,301,56557.918695
1.0,155,56564.144964
0.0,127,56569.279821
1.0,175,56576.540001
1.0,176,56584.034214
0.0,129,56589.368893
3.0,276,56603.632698
2.0,202,56612.699057
2.0,202,56621.631418
4.0,278,56633.687933
2.0,222,56643.763178
4.0,299,56657.233853
5.0,293,56670.315585
3.0,231,56680.205077
3.0,252,56691.597986
0.0,127,56696.577847
0.0,129,56702.100703
0.0,127,56707.320704
2.0,199,56716.742146
0.0,129,56722.309124
0.0,129,56727.87625
3.0,230,56738.33146
1.0,176,56746.057369
0.0,129,56751.286699
3.0,246,56762.706591
2.0,202,56772.124982
0.0,125,56777.16822
1.0,176,56784.806203
0.0,127,56790.247729
0.0,129,56795.6445
5.0,330,56810.565082
0.0,129,56816.079028
0.0,129,56821.574966
0.0,129,56826.953655
